$ANSIBLE_VAULT;1.1;AES256
32333935323238303066363230343636366237646430306338333734376133386433613064313833
6330343338623231656536663831336563383439346231630a393137623963653738333731303638
37363864336534313264613963623164306331313764393031663433646538383131343565383834
3763653363313430660a346331633533363432626661303334313236393532306163306664376231
33386564323061303363326564653435326330383862323830383766303465383665346634633531
66643930653838396365376363396538653833333638613132373133623561336337346636316335
35316436613434363265643338343630353164363235383139323662346231313736376532646264
36353531623931633932316339393734393832396333346634623430613862313665386330613232
66303763353030373566636333383866663030616533386331613331333937613135306233346566
30376638373737663936373365353964393739306238316634666332636533373663633263333233
30313634663761653437323031663461323438343165363466303030633061326531376333326566
66393333613933343765626365646164366562303664386262343634666436383739613862373238
33393565653431376433373037313432623630623238623462336464653761393030363163633966
32326338386132313664633834346139653939323231386331346437346130333938363966333166
32393031633038383761396235633063373062653636313135666134616239616461326461613465
66646438376663356136316461643237613833353463346637656564613663653539376534373532
33643437646538313936326664653139333935653833363365306539323162353932353261303761
32323733626530373634383261303466356565346334363465383637336635633937353764363030
31343432613361623564323864316331353064333266376533623038336466643163343463636264
61383038623132393762653832653666646436383665333563316164306636633964346666316163
30643339633866326331613933396330616161613533666530396437313464333634363465636661
61666566316564326233303964356337623563336636326662363233623965343837623934306264
61373537376339633831336662303938663865656139666663323364393762346536663864326562
61346330316231373031616264396363373862633437646334313633636364393937613837646639
65396539323465343664376337373966653266613161656564306233643137323232666536313961
3331366664316336643332616633643066386462616134666338
