$ANSIBLE_VAULT;1.1;AES256
39313338316339316637333663633939323464316263336534313864316364313865346233316336
3731373536643632353133373566356361643562623936330a313265613038333865313734656266
65303234616666643230393535383835383962626265653666306333346130323338306262613636
6537383866663761660a646536653630653063623030613735363562643563663530373464326533
35323835616130316331363935343764313963343032373830613338613862343566303762356230
37326263633330666262393066336532646438653337396465353537373335636135656637623861
65623833303661353837623932653630343738613632363866613037346134356232356665333138
31393735343133333331323539383332363934323335323833663934303561333065316134326465
30353234616336343933396239393339356238353637663331303866626437363838316663643965
32376236653265653832343638623261353238396530373733656139383235623838306461626665
64393565626137343033663333363130313033343635316161343365633239623861343263313331
33386130643365653766376166313431616261326136656439666234623732343965396436316231
38326633323939666362383966626631643630316438323966393130306264316236353065663431
39306262333038303961356161393362626564326564663833333434636364656238333337356336
36393939366264343230313639363737636334633830386238343865303164663330373564343636
33626237336365643236396630373362396235396334633063613737653938366466663962366535
62323038323561626234323066663839626265396432656165363937613964643263343538643961
30653661633537653266323533396234313937656366313139653137623763363530653031383338
63376237353336336465613837343461303336646333626366616333613937333464643935353763
64333037616230653334623862336162373137366665313433363366346638393562386534613762
34353530343661383731613932383833643033326362303535393630613637653262613534373635
32373632333061303031653564393864306336356366656230633764333162336630336563303639
66303134663962666336386238303766663566326130376439633434333435376138363563323935
37313663633238656462393530623334653832313433386636383339373063626536303138303165
65626535636231313763613035396366373564613336333733303434326132363732
