$ANSIBLE_VAULT;1.1;AES256
31633064323865653633613464363533383065653563383033373164383765623833316664643039
3138306137336461356230333435633439343764643532390a386663376363346134353266653839
30643465643834363531643536643536653737623038336361653038393561653537633261353262
3536636439326230330a643237666362613632373534333139376435376333356565323836393865
30393864363631323431343236336464376461303632303935666636383239656431653561363235
34326139323435303362626131303236313431363662316432656231323166626136653965313661
63623236326361653562666136333466323263313732663465636165343338383334623037313538
32636537663862326236363162316236303731363539613466303166653036623935316532623033
31383739336365326464633333656135633033636433393832656231313964306266643331663062
33323762366639363334666266343339343266346238363563666430313832323930346431643666
34316564383561646430643639626362323631303932373465616262376561646263666333393262
61306534343231333833353962363931616666623436643262643332643663383138353636613435
33636564383931636239316236366136336661353965623564363234383261323463303534643936
64323161643666346537336334383434623531366163663666323065613563343937616333393239
66306336363636313235396566643734623231333230386566353465343636386137613464643238
64633962643939643237636566393033363864643739383933346633326335663737326230373762
63386435656365326239316138376136616133646464363733313338653437336363306138376662
61313963343565633666396535323934323762306338666237643966396533653337316331623031
34353831623131663030393932313331313030386331376130313064323034373362316436316265
30663839343134383637343730313563353164373936616237336532343438333435386461376133
35376439613135633439353866316432363635613239656234313832313330663266386233336630
65666132623763663836363332616463666431366263333034366632376135633831633034316238
33616639663161633634333561613133663538363039363438313033316561376636336434373739
64613737353030643831636130653065396561666561646233326634613532636361633362613632
65663639353432653535613933383533363633333365326331323137356534633063343565633336
37356135323034323431616232656664316466336264643935343537323164613361333533363733
35326331373166633635333135303433323832633033613438343835383161353238646633323566
36393434313137323162633462663638613639613030303365633537376539613261616661373465
38343666636638623665313662326339336238653339646636333834626661663137626336613165
32623862643963316563323936626365366432393833653566303531656161313765303966376233
30343331666361353966643062373333643430363835383039343134303030336566336161636638
36643862636536326430396535613437313163376232386361646232326532306462356139316638
65643334626434623733363033626533633762343266323230663033623863346431343366636363
61396230373964303864663662306161666435376330353633646436353435346161323133306361
38623563336263393765633666353532613066633134366134373365613234343662646165363363
31306430613764376439626465373534346262626339373538326363356463303865373962386431
39346131346133646632316634623234353965323037336162643038666462316537393339353034
31613163653864663532323830373837346565666562666639653537396131316566303364323263
66636532653039336239336131656436353861643337636164303438336533663466326336626134
63303162623631376633343864353534343032326633383331313634653639303963373539623336
36633738333463653362393962346636396233663339323163386131343238626161643231366134
61313232666530363533316266333430336231323165396634636161326232633731643162313930
30333236633964353765373534663139646637393162653762653533326330376431313561323065
32303664363566346338613763653063656532663135303530343439616339336161393765656434
64663231303963336534313963353566366636393333323730373062313634393966636366663765
35376463396637323666363164366138323830303462386163616263316437303837633438333935
31363364383163393566656364663439616533306264333563666131333539643564393638343034
39396361663636653066666561346661333962633439396632623332333539313236323762363435
61633437313231663866623330633330616434363563383934396230323463356435383232613162
61653165633333306232343036653538353634363965303036346165663364613037356230343433
37366331313762633439663862626263356462656135616463363164646439303130633635393530
35383832346435613038333565656131313138386534323064343436666161656638316535643930
62623564393836333335363763323635363361306666636338373733633965363464653636326632
31343834333264333466313031313662383765643339326566313465373535396163666430646464
30306563316530633063653636393862383935613734303130346562663061633830653532353964
33653565396332353361656539616338333735313432656134643330303132313339393466333334
61396637656562646331353831393939333738373434656538663831666535646230336237616137
39336131393061616535623463633431336639383135336633323766333538373736366665393962
64393831353532343263653436316139313265373931613565626633633432393531643035376338
62313835343066383064326233393435363066626562376334396261336535363435653637343434
66376266373663316339353036316433626239323964336431383166313638333135353335663836
35343962656636616139383039373864666537633865363531656232663530643864386230366632
38646130666563303435316134306665313231346230313238333637323338653163643738666636
66666233633062326636613263656264613664323737313066656330636634373331373939383739
31653438393833333930393536336632643332353432373962613339336634333234653838313162
35353832383436323065376138616239643162343564633463366336386639386433326136626137
31383431333630343831616364623165393762393631336139306438376463613635656362663031
66656634373966343839303566616632336363366138666362333034353135363139323033343161
37616662346262363730643135323863396231633563393731306635666162383734343530353730
63653735656136663566616665316236356565313230313165303139613239303032356331343361
62356337653764316565376333393139383566356131316137663965666266343238333762643530
34393633303438303036333638353165626438353032376631336139316438356663393533383163
36653638333634383531353138346435376431333737396361383031333365653835353737336264
33316263623364663335313866316535616362376134326430666139303262643237313262373436
33316464336139363131356530656237356666653961306139306336363531636136303261613764
65376262386363393462353366316461393563336138313561306632396639636565663339363135
30626636383633656134656437393833613664306462656236303165383034313061343531656431
33313437336234663430313232303136353164643739666232613066656237333134333965323935
65626431356265346432393931623730383663646465393061373339663137663566313161366561
64386537316364316132383264613161653238653137313661613130653733613238646238383966
35373835343630636534326538653864383037326166636465633531616137313933383861343231
64326162373838316432633235663333663066393830666436613265613533393334326362643137
39663566313533643235386332303338663436336666353633353332666362303937633933363461
65393538663034366134303333633836383237643464303734383730396563643432316532373234
37336163656361663030376565643236616564363134353263383831626536623738383932326338
66613066306462663936366662346137663063383835343339656434646339356333323637366363
65383835656337613666353130336633616436616363393266373032616236653233343233323665
32643436626338383330333535313861663133366466373166653231646234663332376263356435
34643533386333383639663365386263353234396333666138376263313238303863303136663036
36303535393731333332373462313139313030343962653134653631336561306433333930636364
36353466616634313836616366373230666232303331356635313666326264393236323066383336
62636262613234393537373464663165306531373739396136653537613339323733343334653738
32396239663864333466393933643833346465656561333938643032303162383038613232346266
39636336636365633635303735643335666237343765343238633836303666633239633837303165
66363039343465313134393738323031336464363061613266666562316361626634633237666431
32383065343565623930343365393430356630386563353537353262636663306531633861353262
65646466616266626465316632656432336531393931353861366362323432623263373836663137
31383165646634616431323936323236656438643666633438643831353564396638313837356661
63613363663737363431353937616266346638353035393139383564353631366231366333323436
32633062623661643430613437373636643538323565373564353937313734656634303433323662
64376230353965633138623136666535373563666232623731616139343535653066386533633438
62613639373466346566383335346139386138373835666539393861383365313361363038663636
35363537356533333961303434393463356530613736623363376339666562313638306161303135
36396562633030386163623862383532613533376633643836663136353333373065633835303432
36316336316435313661323438663039363734636130653636633738643563393639393434363331
35326232313735343030616265343837613033646331383139343663666430386331336564313264
33666135623961646630373234313437363163343062376562373930623935343637356362656334
38306333636131306535333933653032353562306263336338393165353637626262333630653536
30356131663561653031366233313637363439633765396437616265393530646236353061306664
62376637393134336436336465353934643232346232323233363263373036353134666239363436
66656435666539636361656133396136663635623263663037663164636232653235326234636263
65663865353763623435393730336465373461353063353965373664356437396466663831333635
38616266303365636133383532373862656239636533336466316364616231343062313039663431
62316237313566316665393830656565353563373366383538643938646234633938326161333364
31346561643966343031313634353464346164393832373136376261623466623030666331613737
66303638376638333566393632653535613136333237333631346432633633333463663161356532
66666561313835396432656634373066356635656234646161346436343134663131633835623961
32393062333330616234343364353231643634373630383835616464353636353030343361373933
35653130376661666538396131326538646636623532313866363362653561383936636233663266
35346363376166613330396163323861303334613365623530623161333730383162663262666137
33353636616431616530393765393264383634396439643431653063636531366130623433303166
63643539373264323932636238346664376438316263643439636365383638323365616537373566
30613631613133373761333362333261633666343464663161356534383962393333373662653866
61636361353638623261366431613732396463386334663536383839636366663061663432333736
35613665323833373766663232633261616235366334363137363834333834393035386632636161
30306532643534626438623766303565663139343434316138643730663765356237663665643633
33336637366466396534633930303938376537616533396331656635373266613766353533333839
62303236643332623739323266663135333130623137663835656262303139383265323439623539
38376530306330653766336436386239613238326566363235643563623838393839613764376633
39613262636639333731336461336131383536303437636432623261383864636339303762333633
63313862396137396661333131376539336235633462626164323961363762346432343165396237
36366262653939636464663537376533663537663665363838306663653633303162383662653433
31363835333635313364616261623133393063616632393961353439376131353936326265633238
32313665336233393863373536343232316139313165333832306338643762396163336563386365
37303932636233303333653466343562663563653034313064303930613834373833653035333538
33393734363530613562363663633536333864343537386136616133303137386231303665313166
37613435393463653134613762333732323464663638623566326639373137393837656536613861
37646238643138383237636533663266386663373064353964653039373133353137373065333939
35333561343266303235306533373339383962656365316535623433316538393332313531663032
65656334373966313766366333633937373739613564326666316133313362646436396239383436
30643166656233316130343930383131373130353638323534386138663264383663306362656536
32626163653566366565353939323637633434303638336438393263386131376361383734326665
32386237346137366236663166643361363934386366373161633364313832656536396438643562
64323732373537326234313761393265313966303764613739623236623165386530393634313565
62343135343564643062343932326531343532313235346139313561613264613335626130393034
65313433323534356465333762383032393637633337306438636661616238343265343365663736
37363831353565663562663535363137623061616664613531326630363864333635653231636430
65336430376632643133346231316538383436306531663438663362376132633636613832373165
62386366346365666530386634616565333230313232386335383366646263306436633138643039
63353735663332306637326330353230343831386333643637613231623365386363616165623365
61333661623132363631643137653133323637396365323830663334396337373162366531313037
66376138363330636631643563616632313138633265363234306161383866646561613539326363
32356534356531633265643163643536346334376362363164663565306461373635653463636538
36623531623364363166366365656666646233646164376466393962393363623564653562646634
63376361386535393265653166346262633037646330633561653565663135656532623834623862
61373462316138346162393739356361653739303361666139643235323763313037643234356163
62643766643136323833633763376236353734626531306465613337626637336538373866613632
36376662356335663736313439303964303539656635303561336333346233666236373730333836
35623462653961646661616162653037613765613937383532386236633538623533346264633663
64363530653134396337336535373166613864393430303231336330393435396439393933653838
34626231326436366334613330383565383832333837613638646438363035326633626162303637
65663634333763323531653566316631316231656462653235376162303736343435333164666163
61373532396461333364326436643461643834393838363435633533653764373066653462663466
63383564616466316261313434633165356461373730383066653562393036366239373032333434
63643432316361346433383062383332333037393731616263663239353266363166656162313662
39646339613834303366613866313363326134646163623739643231646663373663346530333537
63663437646531356662343062316137306264393833343961343738353238613835306363333335
30336334646166623664383035663963356262373439353966333933353163316433386535373064
33376462613831353939323962306338353138373663376665646333316239623233623136353835
66336136636436323338353737613232636366666663383865626631313230653636393538346639
64666164623738376537303434303830376363333831386534646535653232626439323531373362
66386336303433326265623361323837353234363366663532643635666166653863383332336364
63366330373664656162653365393236356438653466303932626439323732646132
