$ANSIBLE_VAULT;1.1;AES256
63643363396134643638306434646437623731623232303536666438303933376633323930346130
3963393064643462363262373365613265366437613138650a363433333333626134316561313263
63373533633436313963613236333765343964326237653534366131643363343935666665313566
6335323562636232380a393762653935666338666235346331613331336335333133393065343563
36646464376439303730386236663533393265323262313664383235386566326363323133393037
39383361316363623661306263373661633739343466646530636335636363336131643664636235
36666433323631336663383435643931323033393439363439323361666138616438323635393139
34303861353031396331343230626331613234616236333438333665393035303739316362633834
64356665366563633033313263363366666238386561326637323430303663656234663535376462
39383966653435346639633230366330306538393835663763636633393662663936656432323666
38326138313564303936333932353964303361323535356436353361646433613734623831393964
62653161316464376137393262343139363763633430376361316365666530316634623132623566
34353034613835613663343937336131386635333137336234613431366462386538623633376539
31653839346364396664346435636538633562333836633066313566383938633934333930396533
63613261616538303139333235653233646638633439353333353736386564333430326462343238
65353136663837313635636331313633373738336534643930306531656164613064373366656236
63303532616464393266343539336334383064356338303036636136393638366136323265356639
36386463383361613637313831366262393634626233616636653766303032623235666461643663
32663334396438633835343639626466303237353064333861633662636435633434393365616335
37333436613464643462323633383432326139633733306430643862366466303931373939363066
34626661353561313332616132646633303930353963343037623932303832626235353565373364
33343732383132393530363030373932323132306561643165343633623162373835356630356238
33393431346131366461363932656461656363363963343138363965613561633962353631323333
64653766623932306638326236383338336339643938653239623733316661393933393336613634
36326633636232646665643033623834373565613961613837373966326136643338
